Generate Matrix of Lattice:
Dimension:n=2
[[ 1.07721641  0.        ]
 [-0.53500698  0.92831857]]
NSM: 0.07999015415159418
Dimension:n=3
[[ 1.08992131  0.          0.        ]
 [ 0.36251462  1.02788321  0.        ]
 [-0.36623167  0.50961007  0.89260864]]
NSM: 0.0786652189939579
Dimension:n=4
[[ 1.18573867  0.          0.          0.        ]
 [-0.00479878  1.18744622  0.          0.        ]
 [-0.58810547 -0.59206649  0.84311786  0.        ]
 [ 0.58704406  0.59144237  0.00314032  0.84238142]]
NSM: 0.07660409203766264
Dimension:n=10
[[ 1.58587605  0.          0.          0.          0.          0.
   0.          0.          0.          0.        ]
 [ 0.30095661  1.52365335  0.          0.          0.          0.
   0.          0.          0.          0.        ]
 [-0.31714584  0.35264529  1.50624341  0.          0.          0.
   0.          0.          0.          0.        ]
 [ 0.63744095 -0.11461431 -0.50501253  1.14413832  0.          0.
   0.          0.          0.          0.        ]
 [-0.63630001  0.14435027 -0.17027073  0.2931415   1.21331243  0.
   0.          0.          0.          0.        ]
 [-0.63878841  0.75086317  0.33023462  0.56996207 -0.50523365  0.55419282
   0.          0.          0.          0.        ]
 [ 0.01058537 -0.61279179 -0.49692751 -0.25633563  0.07448787 -0.2464173
   1.10334554  0.          0.          0.        ]
 [-0.63944409  0.7579534   0.33250649 -0.26900993 -0.28885689 -0.16873019
   0.52419624  0.65203941  0.          0.        ]
 [ 0.65585338 -0.74530601 -0.34284773  0.29543685  0.30149274  0.17603913
   0.40531285  0.16647994  0.70586947  0.        ]
 [-0.63984878 -0.4853407  -0.66309563  0.02096227 -0.37339316  0.06958645
   0.35344802 -0.08619032 -0.35154403  0.70327887]]
 NSM: 0.07073172598960507
 Dimension:n=14
 [[ 1.51871763  0.          0.          0.          0.          0.
   0.          0.          0.          0.          0.          0.
   0.          0.        ]
 [-0.60651734  1.32432236  0.          0.          0.          0.
   0.          0.          0.          0.          0.          0.
   0.          0.        ]
 [-0.03436384  0.16716515  1.43698453  0.          0.          0.
   0.          0.          0.          0.          0.          0.
   0.          0.        ]
 [ 0.31350686  0.04812257 -0.09590289  1.56439182  0.          0.
   0.          0.          0.          0.          0.          0.
   0.          0.        ]
 [ 0.71644356 -0.5468905   0.15358808 -0.68333931  1.06229838  0.
   0.          0.          0.          0.          0.          0.
   0.          0.        ]
 [-0.48735094 -0.54297824  0.07864522  0.2433618  -0.2355139   1.28956495
   0.          0.          0.          0.          0.          0.
   0.          0.        ]
 [ 0.55346133  0.64013561 -0.06579033 -0.19264301  0.42221699  0.57289095
   0.9687452   0.          0.          0.          0.          0.
   0.          0.        ]
 [-0.54021877 -0.51040525  0.00537485  0.41558168  0.50340622 -0.12696023
   0.03728019  1.29791353  0.          0.          0.          0.
   0.          0.        ]
 [-0.23057274 -0.26710214 -0.57624853  0.66493057  0.05573217  0.51148582
  -0.44769991  0.03607649  0.89436905  0.          0.          0.
   0.          0.        ]
 [ 0.00398321 -0.38646104 -0.64058271  0.34023783 -0.04364784  0.08442293
  -0.18688305  0.13822278 -0.42273385  1.20887625  0.          0.
   0.          0.        ]
 [-0.3064     -0.26585896  0.59130905  0.30784581  0.37217925  0.51355231
   0.43314895  0.20433985 -0.31324994  0.30609412  1.03430617  0.
   0.          0.        ]
 [-0.48050221  0.04816971  0.59071321  0.58531205  0.36823485  0.51500059
   0.45713844  0.29378955 -0.05981364 -0.5525933  -0.32440045  0.37186356
   0.          0.        ]
 [-0.5972579   0.42774904  0.60587995 -0.48906881  0.25163472 -0.57503093
   0.43503171  0.00407681  0.1392337  -0.35296367  0.44080121 -0.0018089
   0.56328114  0.        ]
 [-0.68177896 -0.22421329  0.68838039 -0.49654719 -0.29586521  0.17192234
  -0.02565936  0.54932168 -0.05536954  0.31299337  0.24556958 -0.11484051
  -0.14430193  0.54818861]]
 NSM：0.07020088271739072
 Dimension:n=15
 [[ 1.64010513  0.          0.          0.          0.          0.
   0.          0.          0.          0.          0.          0.
   0.          0.          0.        ]
 [-0.29263489  1.53977159  0.          0.          0.          0.
   0.          0.          0.          0.          0.          0.
   0.          0.          0.        ]
 [-0.12273065  0.09545681  1.5201218   0.          0.          0.
   0.          0.          0.          0.          0.          0.
   0.          0.          0.        ]
 [-0.28685093 -0.42270921  0.42341413  1.40701835  0.          0.
   0.          0.          0.          0.          0.          0.
   0.          0.          0.        ]
 [ 0.00933089  0.22895352 -0.74440917 -0.34878994  1.30078452  0.
   0.          0.          0.          0.          0.          0.
   0.          0.          0.        ]
 [-0.65582486 -0.72791477  0.18297253  0.5301907  -0.01423563  1.08052772
   0.          0.          0.          0.          0.          0.
   0.          0.          0.        ]
 [-0.17251688  0.1878446  -0.20396223 -0.6933353  -0.12094227  0.40596273
   1.20825573  0.          0.          0.          0.          0.
   0.          0.          0.        ]
 [ 0.66160401 -0.26675287 -0.55716575  0.03395967 -0.1462591  -0.19367864
  -0.11254838  1.09950365  0.          0.          0.          0.
   0.          0.          0.        ]
 [ 0.70972053 -0.59333179  0.59535456 -0.12032794  0.46702799  0.49860085
  -0.1024371  -0.23389746  0.98919355  0.          0.          0.
   0.          0.          0.        ]
 [ 0.35023942 -0.27621358  0.72563311 -0.64969942  0.46926022  0.33204335
   0.38713766  0.14822863 -0.34196924  0.61158429  0.          0.
   0.          0.          0.        ]
 [-0.79536486  0.56305761 -0.24899022 -0.09212606 -0.45122071  0.45268584
  -0.19286109 -0.43160882 -0.3860136   0.22178622  0.68314889  0.
   0.          0.          0.        ]
 [ 0.6619916   0.65768755 -0.41905682  0.5545307   0.54172059 -0.075085
   0.28069201 -0.5025057   0.04855822  0.10579254 -0.13018602  0.82384419
   0.          0.          0.        ]
 [-0.15599528  0.5674828   0.40592019 -0.06562907  0.53780155 -0.36732053
  -0.55718151  0.21866912  0.45300178  0.26223903  0.31612763 -0.36180248
   0.86185809  0.          0.        ]
 [ 0.39469981 -0.52812102  0.19770359  0.59936761 -0.22308891 -0.27637525
   0.25370414  0.48643801 -0.34150849 -0.28483598  0.09454181 -0.28884161
  -0.20700767  0.63081788  0.        ]
 [ 0.43899086 -0.63387332  0.75949628  0.20869102 -0.10462062 -0.31835415
   0.33226048 -0.39234639  0.03057501 -0.29368261  0.32709244  0.13621504
  -0.37829283 -0.15477151  0.53562303]]
 NSM：0.06768563246474235
 Dimension:n=16
 [[ 1.49882223  0.          0.          0.          0.          0.
   0.          0.          0.          0.          0.          0.
   0.          0.          0.          0.        ]
 [ 0.55106624  1.34726306  0.          0.          0.          0.
   0.          0.          0.          0.          0.          0.
   0.          0.          0.          0.        ]
 [ 0.73622058  0.40816748  1.31312327  0.          0.          0.
   0.          0.          0.          0.          0.          0.
   0.          0.          0.          0.        ]
 [ 0.69669999 -0.29086797 -0.11230393  1.75333449  0.          0.
   0.          0.          0.          0.          0.          0.
   0.          0.          0.          0.        ]
 [-0.33908688  0.18400813 -0.17825369  0.38357692  1.52868694  0.
   0.          0.          0.          0.          0.          0.
   0.          0.          0.          0.        ]
 [-0.09410761 -0.49794619 -0.37397518  0.77273588 -0.06685811  1.18731054
   0.          0.          0.          0.          0.          0.
   0.          0.          0.          0.        ]
 [-0.61277399 -0.35985641 -0.23798204 -0.38538871 -0.25504742  0.44202184
   1.13917042  0.          0.          0.          0.          0.
   0.          0.          0.          0.        ]
 [-0.30260454 -0.54652324  0.01712551 -0.51511905  0.44364169  0.07678491
  -0.32590845  1.36633     0.          0.          0.          0.
   0.          0.          0.          0.        ]
 [ 0.55213887 -0.60732155  0.55356794 -0.01838178 -0.2170078   0.09819947
   0.06819999  0.31814397  1.20513038  0.          0.          0.
   0.          0.          0.          0.        ]
 [ 0.4943231  -0.54528249  0.18800819  0.05864861  0.7583524  -0.434357
  -0.40816916  0.37009663  0.15742846  0.86490569  0.          0.
   0.          0.          0.          0.        ]
 [-0.56255568 -0.26545264 -0.54205732 -0.47013191  0.28557828  0.23860574
  -0.02553766 -0.18825554  0.21692927 -0.30386813  1.14539463  0.
   0.          0.          0.          0.        ]
 [ 0.74032715 -0.10987894  0.4684911   0.5814537  -0.62240864  0.04061143
   0.3606834  -0.26158699  0.19647292 -0.06749867  0.34518705  0.55395243
   0.          0.          0.          0.        ]
 [ 0.54683345 -0.40559781 -0.12582236 -0.86649979  0.01643148 -0.34860242
   0.34307751  0.59620621  0.31303636  0.31926931  0.07896737 -0.09517713
   0.66242475  0.          0.          0.        ]
 [ 0.36309538  0.62394411  0.57276661  0.68771118  0.35410693  0.23981641
   0.13423754  0.46713287  0.38166474 -0.27170717 -0.0125288   0.08038971
   0.13678263  0.66096343  0.          0.        ]
 [ 0.30381669  0.65283492  0.39135466  0.69414246 -0.2336701   0.48771241
  -0.49903756  0.11215673 -0.16682425  0.29692011 -0.34644645 -0.20301667
   0.1353487   0.02201408  0.65280327  0.        ]
 [ 0.41828352 -0.65339422  0.51449092 -0.38229469  0.46759825  0.52144111
  -0.3740807  -0.66363931  0.3960141  -0.04400456 -0.42392167 -0.03850279
  -0.1571735  -0.1823495  -0.20812204  0.40278501]]
 NSM：0.0654087080403189

N(B,r):
Dimension:n=2
r=1,N(B,r)=1
r=2,N(B,r)=7
r=3,N(B,r)=31
r=4,N(B,r)=55
Dimension:n=3
r=1,N(B,r)=1
r=2,N(B,r)=27
r=3.N(B,r)=113
r=4,N(B,r)>=283
Dimension:n=4
r=1,N(B,r)=1
r=2,N(B,r)=49
r=3,N(B,r)>=409
r=4,N(B,r)>=1369
Dimension:n=10
r=1,N(B,r)=1
r=1.414,N(B,r)>=85
r=2,N(B,r)>=2265
